49,1
49,3
28,1
28,3
3,2
3,1
3,3
10,182
10,212
10,80
10,122
10,188
10,290
10,82
10,204
8,16
8,10
8,12
8,9
8,6
21,3
21,2
21,1
21,0
12,3
12,2
12,1
11,29
11,28
11,27
11,26
11,25
11,24
11,23
11,22
11,21
11,20
11,19
11,18
11,17
11,16
11,15
11,14
11,13
11,12
11,11
11,10
11,9
11,8
11,7
11,6
11,5
11,4
11,3
11,2
11,1
10,312
10,311
10,302
10,292
10,285
10,269
10,262
20,2
20,1
10,261
20,3
10,258
10,257
10,253
10,252
10,250
19,2
10,241
19,1
10,238
19,3
10,237
10,220
10,219
10,216
10,215
10,214
10,205
10,203
10,198
10,193
10,162
10,157
10,156
10,153
10,150
10,149
10,137
10,136
10,133
18,1
10,131
10,126
18,3
10,125
10,124
10,119
14,1
10,113
14,3
13,1
10,107
13,3
